log:
transformed image '/Users/preibischs/workspace/DrosophilaWingTransformation/A12_002.aligned.zip'
normal: inliers=10, error=24.957
mirror: inliers=30, error=13.788

f(z) = 152.77566888812726*z + -17.45583877226528
g(x) = 32.12282895287594*x*x + 117.63131152411486*x + -8.118974744086008
f(z=0.11425797641277313) = 0.0
f(z=1.0238255872222743) = 138.95980014039736
f(z=1.783371925354004) = 255.0
f(x=0.0677664577960968) = 0.0
f(x=0.9852518293522262) = 138.95980014039768
f(x=1.5666035413742065) = 255.00000000000028

mirror:
true

offset:
205	205

affine:
m00	-0.5657210350036621
m01	-0.6154500246047974
m02	1137.1700439453125
m10	0.6091628670692444
m11	-0.5964048504829407
m12	482.0921936035156

nonrigid:
subsampling	2
intervals	16
X Coeffs -----------------------------------
  -107.94022750125649   -13.851944006950893      82.0943287448932    178.85727846406155    275.39559286033983    370.78463043228163     464.0997496784405     555.7767335761426     646.2513651027142     735.9488752865038     825.2944951558602      914.388674291223    1003.3318622730319    1092.2431971863202    1181.2418171161212    1270.2254247608034    1359.0917228187363    1447.7517596042044     1536.116583431493 
  -106.94781775356255     -3.28207722239355    110.50060909124166     194.1850520984588    285.14486747781643    375.67714952172975     468.4545722921166     559.2458074047116     648.5942653434273      737.225492241515      825.043734367025     913.3145820143267     1001.719459946856     1088.356217818287     1174.566751347737    1261.4440801742232    1349.2368930172877    1437.6890562490253    1535.2014522575648 
  -104.72200586106256     9.168229868213434    111.54695566552803    196.22234181865662     294.3196719450208    379.58231285403855     469.9166451993989     559.5075860234342      648.643509276112     736.7256703261113     823.7997646897469     910.7775252920362      995.507621049739    1081.7402726194696    1171.6655485038623    1258.5897791078705     1344.290784021896     1431.233695827987       1533.1915837388 
  -102.17928813376196     2.381856155193196     98.65071712001244    195.86874134314897     289.2846360122839    381.61938843858655     473.1800948293966     565.3642218398512     652.5075840763574     739.8977611779354     827.0841105150187     913.6246244746244    1000.1817639201532     1087.136200957866    1173.2951784007635    1260.1118250270122     1349.718473859777    1435.4716917461521    1530.6312005157893 
  -100.23616088166614    10.039952866343803    106.26040569675742    197.49883142913913     291.0203746222312     381.8200526389151    475.72950348189784      567.255304324232     653.1837260595569     740.7045887032134     827.0774090222554     913.3744605452488     999.3633466822797    1084.0033557946692    1168.9347772102121    1256.2599052072019    1343.8208921048902    1428.9376514997398    1528.0645252291229 
   -99.41445161873759     6.302263570093165    102.67788803933352    194.35746923647355     290.1316440493705     379.5140601094676     474.6926091734591     565.1437577641766     655.3738622194207     742.1250477951571     827.0755219277997     912.4044854981317     998.7996102738354    1084.0275702589722     1169.012207521953    1256.4277412505758    1341.5734477211045    1426.3490155326494    1525.9079696540873 
  -100.23598785893887     6.416781781118774     98.39615188557836    191.02231345524467    285.31760752651326     368.9797904306148     462.8444413486736      563.381931976561     652.9625226966052     740.6892891592325     831.4798543174632     916.5771433379293      996.575842458418    1082.2223688929807     1169.003992648995    1255.2759397251468    1339.3371248181843    1427.3596244748235    1524.5779455659672 
  -102.20442397250662     3.601001801238195     96.76324815240307    179.77411924285673    273.93307055972497      377.560153167971     455.7829432732246     558.5798170118964     648.4313971824772     738.2289145975633     827.2287679161074     910.5897006167198     999.8340251428236    1091.8544820734796     1170.140974889178    1257.7474648807088    1339.5906005561183    1427.0904300137347     1523.482149846762 
  -104.82341432967743    0.8919048013047753       93.071312504553     178.6429245218846     272.1768458434461     368.9560918149838     459.9524015829015     554.2410241725594     645.7039064968418     733.0031335034745     820.7997724647687     896.3072807961375     975.3735697200443     1092.224949249105    1159.8353587725833    1250.4975480657129     1323.527564138944    1417.5903143416815    1522.0282793784702 
  -107.56948969935269 -0.020202930631911312     90.37548503938594    181.44942992765579     262.2825807755917     360.9514959212888     454.4668609408029     548.3713984541351     637.3888179654666     725.9106459851838     812.1310605048976       896.64452058048     970.4601177577233    1070.0065568014325     1159.058843151272     1257.109563291531     1321.784660819852    1412.0284604150186    1519.5733320910724 
  -109.91918085043369    -2.607653370731807     91.14795037571923    174.54782037464872    270.78464193109306     361.9439212778463    452.28655409905747     544.8471227041164     633.1582297867974     715.5000443052418     822.3143191953801     887.3064537976145     957.3522027042886    1069.7034740373463    1170.9442987704276     1261.571627370935    1330.8198568993785     1420.124903706491    1515.4743059145492 
  -111.94038858871887    -4.285557731581466     88.86236069132907    169.71018600866012     266.3622133128861     357.9207678143145    453.93876283588264      542.629963265385     633.7941915095383     719.9884551451322     816.9864049834352     886.4818762921711     960.0784416012889    1059.7707130204367    1161.3039562817128    1248.8623264895405     1330.849329845788    1417.1440453917494    1510.3119635708827 
  -113.70101372000667    -4.868068487959285     84.89050391247685     172.2171894518588    265.72138632685363     350.2758151507075    449.06530134586876     540.3807611239731     636.0598905389157     725.4748453186671      806.926556059435     894.1227026617696     970.8938440220537    1058.8000173781047    1151.3813346805475    1233.5436903941443    1322.9418138845665    1411.1620566613774    1504.6670677820555 
  -115.35516049735207    -8.729566677862808     83.07137038989077    169.50240050821705    264.82208008675445     356.0037084222136    446.09264854722545     538.0340419609265     628.1372998034444     715.3505099844234     799.6955514017798     884.2952900169855     971.1818884634534    1053.8408582816128    1138.8078013545999    1227.9914148226674    1316.8360179318056    1405.2350480316952    1499.2712673819794 
  -117.05693317381004   -12.493038614942503     86.72628245679385    166.82938024501786     261.7578584230854     354.0323711130802     446.2755003058302     537.4414496724506     628.4512029129968     713.9498184034724     798.4857543780378     882.2882081920693     965.3472941888185     1050.781651521476    1137.3187898310446    1224.2251871719934    1312.3474828648102    1400.1002012057472    1494.8562112045663 
  -118.52503743245217   -14.841504936158113      83.6846978657049    164.92636779543543     261.6743445090881     351.7516554653704     444.6085590149047     536.9141997121162     626.3142600119829     712.6736065961933     798.4136234273897     882.5477879689684      965.748790749333    1050.9947055425594    1136.1171570342262     1222.278574240285    1310.8222513540416     1400.032163658268    1491.5786002526343 
  -119.47817895634999   -16.818021752577543     84.12429670347291    164.64433892284754     261.1789530966868    356.88291405433046     443.9285126741041     536.5902975933867     627.4748703823312     713.7858685307237     799.5337810939911     883.5004362325861     968.1218161994632    1052.4241850147912     1137.020606486601    1222.6169324259965    1309.9461634996644    1399.0616336187613    1489.5951355290008 
  -119.52591755486006   -23.152058034367606     82.00103005235543    162.88785371119172     261.3987763186876    351.58710725343155     442.0618943967674     536.5976302416921     627.7503876737219      713.942742665674     801.4449105677414     886.2271986446182     969.9055410909544    1054.0555320089388    1138.3782731882272     1224.244815254642    1310.4559485904863     1398.752648153667      1489.06714142031 
  -118.27781303733892   -26.923226929179073     65.69194302180186     159.0400776896635    252.59355794846556     346.0276998293189    439.01781936333435     531.1848880923586     622.1498775582382     711.5172409752307     798.8914315575935     884.8246948079648     969.8692762289825    1054.5836848304134    1139.5264296220246     1225.125859838861      1311.81032471597    1400.0102202189014    1490.1559423132055 

Y Coeffs -----------------------------------
   -96.41940234007187   -100.23346147254496   -104.94073456338398   -109.70844503814915    -113.7038163224006   -116.30939555595972   -116.90772987864791    -116.0683582181845    -114.3608195022888   -112.37774775110759   -110.71177698478762   -109.48308172759164   -108.81183650378242   -108.75656965340487   -109.37580951650395   -110.19609924335678   -110.74398198424053   -110.53132852724686   -109.07000966046745 
   -5.346680403445878    -8.333311209817158    -4.722081172197149    -6.051092257016239   -4.9581232403684785    -7.921399908141804    -11.60135969023708   -12.723050162077714   -14.632627447187504   -14.767299046853438    -15.29549587124549   -15.184707747543232   -13.922454253671495   -11.221263124339277    -9.671281094091599    -8.190981928004788    -7.845395021650458    -8.058572536175188   -16.656183344014167 
    86.62559062337816     84.35997587312855     92.16737673298813      81.0518130574219     85.33895047213076     86.77475094861501     82.24979529970079     78.29727134411047     75.69922114574723     76.01968524872719     75.91362778482035     76.19867482973817     79.34856390882351     81.42814074265551     83.18219637865947     89.23085020212301     92.00146146526038     87.74147714302613     78.42583461243603 
   179.10080539009144     176.9059400614139    175.54882704938407    173.38164901688785    168.97605334746248    169.77571738636905     162.7553510215107    156.48941724577483    157.15974971219674    158.32301383912244    157.53050822749537    161.82351686496136    166.78999084095508     170.6326650275585    174.53708118918257    176.08774972010698    178.48819875436976    180.05881784660033    174.98044589467983 
    271.6823585463852     270.5760123676543     272.5134856597343     266.9918460436937    267.29615937633685    257.92087854229504     256.2019091226095     248.9074509809913    245.90344220817826    243.76825448953448    245.86685682112272     250.8664822382153     257.7898161746834     263.7090477937861     268.4216539364412    272.90158825275125    277.63171365909113     276.6887496712085    271.81205218851403 
   363.97364474195064    361.26001930544703     362.8037154627754     358.2663228367759     355.5216289042667    348.17911366193977     340.6528938690905    336.06288135481253    333.16859178890525     332.8642437900001     336.7296321245603     342.6831736625128    349.69875324876745    357.43051587901215     362.9556840977766    367.28109495238834    370.46629681314323     371.2606940166162     367.7308503537919 
   455.57805862647905    453.21396646999096     452.5389031700411     450.3155554350648    443.28191330394054    425.28386170099765      423.415962150888     413.7448422126162     418.6121127953795    419.11816909117863       410.30973763061     415.1346622781612     433.7116665901068    444.92635983508444    456.79260510398444     460.0223075200793     464.1621475943788     464.3414680526571     461.5470372503667 
    546.6057242286249     545.1479294259182     542.7781958286547     536.0063556587869       539.08466701119     543.6512484109326     563.0178112347661     552.9402723049203     544.7315083651185     542.8994530553672     547.3288192632639     536.0849704100734     538.1975246247185     552.9702924153365      570.981076144902     539.4146021951667     557.5455091383967      556.203467475752     552.9544781023912 
    637.1667655770426     635.2592139498743     633.6196008468428     637.1149589621846     635.3660294135105     624.2974361685818     624.5753826117277     623.9235395888016     625.2308624288917     623.3994519585663     635.4763931776122     626.2083288162129     637.7435820098347     629.1435047113664     626.2297014800286     641.1735928733569     646.6532060471177     645.2943956900359     641.6470381340181 
    727.3713067003871     724.2900535011435     724.4263402946547     723.0086628961013     719.9307169347371     723.9190366371538     720.9266107443199      724.276768510605     723.6659234277266     719.5642165415735     723.3157220560453     720.8762458918756     712.7599372424847     722.7382992164893     727.6713588606493     720.5550162088471     722.8961935313673     729.0851095679518     727.8290855065145 
    817.3294716273127     812.1805866016472     810.7691431865958     813.1659797068697     810.3298956731876     813.2233620384764     812.2015045770387      810.504301736302     812.8151226269861     799.7625331350736      811.689250275989     816.9894344100749     816.6798578587451      808.538312497613     793.3331460347324     771.3325800423898     804.7267483955013     810.9306360719455     811.7049883811482 
    906.8419961099285      903.516847765138      892.188575467347      901.820743449383      899.335794792886     897.6394855796585     899.9440955800158     902.4187439213335      896.806501772856     893.8958240033828     879.6773817710246     818.0336890868315     888.2082331676771     894.8334182287865       874.62009889933     877.7614473047782     891.2733468180999     895.1079793697837     893.6556295064289 
    995.7096159003429     989.2124459358407     986.6752759312656     987.6153356759735     990.0811958506109     991.5224003175942     991.7954054436096     986.7017955538075     980.5066188786964     973.7905618761887     973.1585691137542      977.237417849927     979.1601735296882     981.7900551916736     983.8996637902843     977.0887396125049     975.5747012894697     975.0801607785613     974.0618916308671 
   1083.7377563335485    1077.2782459815735    1077.2822682731583    1079.7679579257683    1077.0757848105875    1077.0213572186674    1074.0393765325346    1072.6085866207977    1068.8586498079283    1062.9193747400323     1065.187860601235    1076.1044367203153    1072.5293570606234    1067.6520961782649    1059.4699038905958    1057.9942928492057    1055.8835301053566    1052.8460229326563    1053.8044981658882 
   1170.7318427445387    1164.6053237021695    1159.1011107666104    1165.5746900513693    1161.4490873172533    1161.4384162953577    1158.7125293408283    1154.9738550165675     1151.759631132881    1148.4579970960087    1146.6904581655044    1145.2054284890914    1143.8386003686423    1143.2516654536491      1141.25742278515    1138.2084801259875    1135.0576035345111    1133.3293609989735    1133.7641725229173 
   1257.1853740030263     1251.881747485609     1245.578496090404    1250.2790663545725    1249.0709431508765     1247.573586577082    1245.1312681485158    1241.9022665055866    1237.7878460286588     1234.711571353577    1231.8854707645366       1230.3493417434    1228.8413477354125    1226.2316273541433    1222.8156467309734    1219.0997432212446    1215.0289469640893     1214.019511761232    1214.7789204443025 
   1343.5918489787261    1338.7309456766689    1336.0099494846795    1337.7449392705892    1333.2390887460383    1332.1213788879777     1331.212114503562     1325.726483555839    1324.8702141431352    1319.6736383712773    1318.0074019042902    1317.5520798982238    1312.0972035215207    1309.1505247500647    1304.2418760660535    1301.3936459157403    1297.2141441496617    1296.2999560824708    1297.6867476723912 
   1430.4451818224654    1427.8278227136943     1423.605496760729    1424.0453635165265    1418.4297251253756    1418.6735237174896      1417.22061274288    1412.6007005957438    1409.6653116055068    1405.4796524752137    1401.8502857910414    1400.9258839021188     1397.489985017184    1392.2627832901937    1389.2932637603365    1385.2544588619842    1381.4127726015477     1380.901920141915    1383.3231476929363 
   1518.2392866850714     1517.955973580451    1517.6659165037038     1517.273069097326     1516.681385003815    1515.6710841971058    1514.0223866511335    1511.7726563737128    1508.9592573726593    1505.5844379226278    1501.6504462982741    1497.2547617617838    1492.4948635753435    1487.4221266652823    1482.0879259579297    1477.2178406979283    1473.5374501299202    1471.7412194843569     1472.523613991691 

