0	641.818455716521	688.5433772454124
1	774.5794966442182	613.6688574540276
2	728.9114237986219	763.0
3	819.3637591007316	656.9009104759253
4	887.4667122462415	591.1769049395666
5	603.3839605124253	766.9150946059697
6	773.4017527406545	677.2700247267644
7	916.8795796471101	601.0
8	803.128361144851	662.4851391341413
9	807.0	642.0073266834092
10	596.6903142865027	688.0
11	552.3069406254524	673.6759711471287
12	718.3103319586146	762.8502901392877
13	713.4993878837413	697.4275935322281
14	880.0078451222884	675.6295549313597
15	600.0825534009743	746.3699059337979
16	529.5210149669161	696.2746473512203
17	626.3493423540816	705.0
18	639.9498965857897	754.0241160409425
19	493.0	728.847759598547
20	695.6030560966714	657.3970603889189
21	863.1472583340396	694.0
22	710.1364315946704	706.8391720217915
23	786.8672070224379	607.7033888100955
24	874.9314586891619	707.243785475438
25	887.3112774736896	571.4943865121332
26	839.8289494956173	708.3106900490999
27	817.2934834553698	688.2752913763171
28	879.0511203342469	554.9449766576299
29	794.6155637105869	706.0960844957823
30	759.2227477170918	582.3558303189803
31	694.2741877843924	717.906161773569
32	744.0147023306004	599.842578111483
33	870.2617016712545	606.7825328485842
34	803.7344536725452	694.0919127321957
35	911.5296032672697	655.5359969648833
36	500.91928568847516	745.0
37	903.4721859255159	614.288718336883
38	523.6292889347483	721.4079354508458
39	507.52733077161497	712.0086272577886
40	872.9439306827267	630.0
41	618.0676262652087	655.5213112383169
42	769.9444639779211	746.3143387925245
43	576.9687809370907	656.5227303737381
44	862.9365789692322	586.9671328591036
45	544.7894782217467	744.7360423485998
46	768.095784615962	622.9233307461844
47	577.2072565385672	743.7920848046602
48	913.336222205866	598.4649228471114
49	785.9188480305653	644.8208709681942
50	571.7026107511598	645.2873400157806
51	680.4373117589071	710.6588442594475
52	894.0155487775246	598.4619845715268
53	813.5472065434129	672.4485098178617
54	904.703384660724	577.683520942026
55	622.0614430375084	769.8850083954204
56	580.6682909477355	761.1195369250344
57	464.25433540774526	738.0193736240033
58	564.0	767.7482320984274
59	894.0944370774403	637.2573166965648
60	700.1473573303138	689.1078447652314
61	594.1920214866885	685.5868290752672
62	733.3575576614844	734.8822681906713
63	615.6076937790534	638.9772670993111
64	859.586573145792	610.9898672733236
65	548.4909005301774	704.5421280552762
66	748.7590504931414	624.142480748501
67	755.8694144147352	721.7258465021805
68	655.4822880502525	667.330188016883
69	642.0249628791527	746.586603522781
70	764.7292743005322	668.8842913859997
71	794.8104505526434	654.036604787087
72	850.207064948975	667.3301354365205
73	525.0	756.3318190339772
74	837.8445445900434	697.4210272035167
75	832.5470376365192	701.8182705309831
76	854.3181540470702	645.8714138704679
77	671.5492737028694	687.9254229432476
78	590.8107564540373	728.4290143270997
79	693.8084853289084	609.0
80	754.6174765502827	700.060809352392
81	690.1563947018093	722.018494442058
82	654.9293715843787	619.5482830061476
83	525.4639562531729	766.9925088091514
84	598.1523232125929	720.1315988552868
85	744.4301687731161	652.5610423921612
86	733.1088501983998	643.7693397825252
87	841.1216701871018	586.9918764822831
88	735.9250447641118	680.886796685443
89	464.30896339506216	753.8534141330924
90	784.8015640304773	736.6315645084811
91	653.093552732924	708.0166782859085
92	533.9640751731964	726.4557629425441
93	939.6830622451007	590.9643748962859
94	595.8907055377899	662.1598723216514
95	621.5641070330155	724.688643001892
96	782.3433412799184	753.5547814836677
97	668.8190182892782	698.9597292616005
98	866.7614823779079	647.8276606837426
99	812.1210943240212	646.1254967736849
100	916.9313634843872	631.2839548138935
101	475.2925049874713	740.0284551007031
102	573.4483596923181	672.7496029673811
103	609.6617345308105	736.963172843111
104	504.81489273690124	705.9319183429762
105	738.4629880480394	636.0
106	935.9947423665149	603.5308239037644
107	648.3230573428203	636.7754066303581
108	887.6070289350455	630.2929942952354
109	577.8807124509082	692.4393487976238
110	804.9191436038959	681.4689654844624
111	730.967543299402	673.9405571483072
112	694.0	608.9117038436982
113	683.6689313762349	671.0
114	715.8727213136594	701.1167965176759
115	559.2640579575179	759.0613860396079
116	639.1397735351142	733.6120755468202
117	692.6890061400685	761.092075757952
118	867.7704516780705	569.4634645194236
119	530.3558509233479	730.1367807123303
120	863.519933139448	714.2110434453264
121	525.396254272571	675.6559436154222
122	936.6142624572603	613.6634181751507
123	596.0825979034176	696.2636084467197
124	567.8805195115881	667.2261427436989
125	689.9540788788163	675.5503494464796
126	767.1048590251584	634.7684346242343
127	838.7975439491339	675.9074734258862
128	801.7224869713913	731.2751911955258
129	695.0	694.3727733056146
130	822.1790041615959	683.3753439709591
131	824.1423273203673	587.7273914162834
132	593.254499605491	639.9072282608624
133	679.6845916294374	654.8559135295764
134	559.996380416269	680.1410084451536
135	742.7285781112374	746.4690283338772
136	749.4967749700062	647.6171087146635
137	558.3103369220958	713.9871971201097
138	546.5097405632572	652.6049488147864
139	606.7428802748121	763.5005396725115
140	746.0	708.9280455790671
141	642.4335156336731	654.3066596225732
142	755.6695849508437	630.6409467095208
143	661.532609071888	718.1937458357509
144	677.7544908664735	738.2226587715605
145	568.1076296995763	648.8566761057072
146	573.2050275283516	718.4147941122936
147	639.0	647.5163158856865
148	860.9744776193327	680.9845841618486
149	616.8041073550728	744.0669183974425
150	448.8288632374074	752.9314340109287
151	848.6791039904593	653.0
152	655.3037171542443	644.0
153	795.0206070257991	588.1997457116493
154	627.8580613788893	702.3031548850036
155	792.6573650491357	671.57105925748
156	883.2545188553834	677.8025447190475
157	539.055442286328	751.8299296715304
158	706.4667333844841	646.0696333724027
159	852.0111093632989	621.5616734762135
160	893.61808957281	570.5489713678753
161	887.2700116582055	668.7939667976373
162	672.940630452479	625.4365073500877
163	898.9552081965062	583.4542083344801
164	693.3845766324227	757.0964782488595
165	753.4421139944487	660.5038546786265
166	552.4391906680377	700.5805184331357
167	711.411746237713	611.6707506819155
168	746.8541239757863	691.807100626981
169	538.6606978589934	738.578548917857
170	877.2294629333135	581.3325971735367
171	655.4574640049251	654.5186980855788
172	831.8334823635653	713.582996725268
173	771.1001211496605	661.8144596331332
174	623.5463870892924	741.1789204625663
175	834.6714581698028	638.4129692173547
176	886.1570063763576	606.7299353854243
177	714.1656707663238	677.8061285975117
178	868.5904021975678	593.7318386963573
179	666.9850220006687	736.7680973184803
180	646.4313042215059	759.8039941262068
181	831.9928216161406	595.8623953282581
182	621.0	652.9890190511229
183	564.9214394149631	707.6426278525147
184	820.0225573600673	567.2553374399946
185	680.5280913659506	680.7760569577482
186	675.8824396893897	632.8766282049045
187	696.0	631.7301725612066
188	570.641451683299	750.6500209071947
189	610.7942706087899	634.3035042897568
190	770.2331902552279	715.5320192170884
191	668.4805077927319	775.2065066279823
192	691.5229549500509	649.1446689968523
193	655.320706651438	724.3354448761808
194	538.0589015471218	691.2216447844831
195	709.4035792898339	673.0
196	627.1784302341356	622.7628782681504
197	692.1772130947525	627.9094409633606
198	659.3270327195972	773.2090940450835
199	781.4937961143914	690.9246862818936
200	850.0037685724224	600.4142872686838
201	675.5596384077357	729.1877180501444
202	761.3248581430105	656.0587638545792
203	536.4759550315124	663.74359055476
204	632.6039087144861	726.9488848686991
205	493.6844694026067	729.5160405682154
206	753.6101826539763	610.0556537948396
207	653.0361588737001	679.9721993121424
208	591.0693049253415	667.0847316179128
209	818.2416783533286	735.1822322706346
210	833.8296387872286	671.0952554633155
211	663.4549791147105	614.8514785496274
212	881.1434409459816	660.8796587287726
213	801.1371865963043	713.4165275624015
214	926.4142882899608	577.3529753373141
215	765.0678972025655	689.4801187214313
216	559.6119899325678	730.0
217	708.025722241228	745.198007990021
218	931.5987463800898	572.0464606976915
219	793.433188300187	723.0347673301502
220	780.8122287825512	732.4638190896945
221	721.2516869750945	734.2570534425612
222	674.1122822564723	604.3444718230204
223	848.2022257471389	726.9295899117914
224	836.1267931289321	619.7492840189964
225	807.3471054799681	574.8404845027727
226	523.6737050411692	690.4122289001783
227	739.4416647704736	589.2271919567734
228	824.1738682085505	661.8108589246812
229	712.2209971419429	658.1690150606933
230	588.2997628394498	645.3558905748994
231	718.2321333799628	715.0139259257649
232	891.0657503812639	654.611851312292
233	475.67915117703836	709.6448180732142
234	804.4989256587734	611.974261571532
235	717.224444854509	596.7904328617835
236	679.0	651.2462541469133
237	849.2822048617556	564.558948492468
238	884.9843653900891	676.7786779945864
239	786.6385626290107	579.0
240	635.483890933636	672.6963059669382
241	527.3384700808901	717.7574622073442
242	854.1388745494338	576.2411821329827
243	827.530851863478	629.0
244	862.9255370546174	651.5901846076412
245	784.6010988098252	664.1111089188477
246	846.2031784574475	627.7965394226777
247	741.8019636295782	714.5545370697639
248	517.9343725141736	680.8632625342998
249	633.1969971531119	674.96743067351
250	798.0796129536488	622.4101309757704
251	843.7515039528711	607.3570241335173
252	722.0991858291485	630.2758417575002
253	604.5664619041329	712.6707844256888
254	799.0	596.6521576920231
255	812.0	602.7781258339689
256	761.3736789451483	754.9300928055766
257	624.0	771.0
258	560.7102330159821	731.0
259	633.9136800499555	702.7397266598853
260	770.9934784139962	701.2753229213603
261	739.8192691889376	677.0981867184223
262	685.9530228677918	704.7043878584813
263	606.8476917818097	668.9829963011584
264	643.3112724319515	621.9939988370252
265	668.4606852366472	746.0676777464223
266	593.5209128593119	753.6389242913893
267	898.0924721747324	619.8415568369264
268	479.1982415717717	734.819668558047
269	721.4177347846619	615.5764653590808
270	812.3679629337594	580.1622046990523
271	495.5191286648613	696.148312935339
272	467.18836801147796	733.9660484503104
273	859.1260468906214	697.9497734750876
274	666.0115292292065	632.5629348076632
275	776.0275404461751	583.2988440184638
276	721.4540931914178	666.7314522575165
277	723.9290664483982	721.2801393448217
278	933.8730635986803	585.1556002627187
279	751.7689559622702	686.9107975133891
280	733.4165836786839	619.7452795345635
281	572.875689359241	687.6775949128231
282	584.5553487006842	735.7672896843674
283	954.3899946350417	578.4273989689706
284	578.8501492357314	712.8705143212653
285	872.2184537053387	561.1479586935195
286	720.5650304251391	650.1736699653779
287	902.2208981481339	548.6414960611629
288	660.2379452815242	695.5883078094247
289	505.5623483812336	759.8141096417869
290	515.2875860888674	710.4392623045138
291	856.0703934640363	674.1205513908617
292	495.5198861716401	767.7797832445901
293	809.4622697716488	740.6795598722717
294	791.6596850203043	636.2373206970841
295	723.290639615093	596.2439328188337
296	660.732761226505	672.6967818381796
297	672.5767397783831	745.9278356882551
298	589.4018318274661	702.5358264248634
299	558.4753886192528	764.9424824206193
300	510.90239771397216	754.5031848409291
301	911.629028376597	605.8472760021377
302	759.430050634633	604.3134341852818
303	704.3381164069533	619.0028033820076
304	914.314427784159	568.461925206226
305	715.5244801545596	636.3393552465513
306	778.3598995091312	710.6511623048019
307	787.1186540949991	684.900226209348
308	647.7825616692944	715.8775527743408
309	777.2131279936757	636.3037639367403
310	695.9227446021796	761.8195630119881
311	708.4897364858465	733.5960953901141
312	471.23955721140493	760.9264509233225
313	839.7453314221464	643.5240176041588
314	869.9278056595235	627.0
315	845.1305820276274	568.692832619341
316	736.6253674716843	608.4489526167191
317	613.7707695965171	716.5183605673305
318	722.3539539667637	757.0
319	901.8357317645147	645.6233315950052
320	814.6179032654059	731.0038056812149
321	756.0805127176505	741.6852382855906
322	834.3197392356534	716.0906189287539
323	768.4523225840277	594.4445410543157
324	635.8679499337435	682.7128916152112
325	487.6881186266977	703.7106288426756
326	817.9523281057168	618.0
327	607.8607571747334	668.0
328	742.347834087871	726.9734018607181
329	604.3180835816776	644.0241380714739
330	500.44393729740386	745.484827537403
331	747.6114053979917	750.5974205181093
332	762.7077888276434	728.6478234116234
333	879.8989122423586	616.3750009863163
334	850.6066814443008	687.0284813443133
335	784.0586283296943	622.5904461219335
336	909.4920920623105	665.7978911613084
337	911.2300438540692	634.0228410240366
338	584.6234444117039	771.7973201230665
339	703.1889147916108	740.2384431923689
340	833.7899049357727	579.2707146006787
341	823.6662189055928	605.0539580492085
342	920.6547488371054	635.0
343	883.1371891222894	651.276528654281
344	547.6259068697514	681.0907764431469
345	649.5867405658059	756.6837949111792
346	531.1167122096865	761.4160325102205
347	812.8334785874473	626.3664094980729
348	635.9506972908944	630.3787718231598
349	803.2730596522156	704.9841676180803
350	781.3098490691568	598.405920861598
