log:
transformed image '/home/badboy/Documents/taf/prog/java/workspace/DrosophilaWing.git/data/wings_registered/909_dsRed_001.tif.aligned.zip'
normal: inliers=9, error=21,67
mirror: inliers=29, error=18,418

f(z) = 170.13189945317433*z + -11.529236184063322
g(x) = 55.640094166208776*x*x + 113.15066622826755*x + -9.001995404135208
f(z=0.0677664577960968) = 0.0
f(z=0.9852518293522262) = 156.09352898334572
f(z=1.5666035413742065) = 255.0
f(x=0.07666724920272827) = 0.0
f(x=0.9834673173674624) = 156.0935289833459
f(x=1.3870872259140015) = 254.99999999999946


mirror:
true

offset:
205	205

affine:
m00	0.6549364012643694
m01	0.7186468537468155
m02	-117.06419319819514
m10	-0.7136176169308482
m11	0.7561392069749194
m12	481.9285656721585

nonrigid:
subsampling	2
intervals	16
X Coeffs -----------------------------------
  -105.70895916387173   -16.257491116998597     73.75629186097395    164.20257000253588    254.95152354017716    345.89697911362583     436.9327633626095     527.9958105926319     619.0230551091962     709.9553722856789     800.7336374954564      891.362784440203      981.847746821593    1072.1934583413004    1162.4048527009998    1252.4869122250138    1342.4446192376672    1432.2829560632824    1522.0069050261832 
  -107.61573356204941   -14.357396514745004     83.33693375849987    169.35172682622004    261.31299630088694     351.3175798141834    440.78537554056214     531.1416262142667     622.2975317042981     712.9583602986394     803.7892998166345     893.1306139169551     983.1299776108955     1072.163956818414     1162.275030862049    1252.4211423355184    1342.4383019217203    1432.3271444632755     1522.088304802805 
  -109.17765820219621    -6.053792186964869     87.45438665592599    169.80290775838796    262.82500544976415    354.91680204022606    445.24691816433324      535.043214678649     624.1608407149429     716.6968012744414     806.1841955676537     896.5587099774777     984.8627764873144    1074.5209789025887     1164.052531773303    1252.6172379033362    1342.4534242870366    1432.9189243846736     1522.177456071088 
   -110.4779594205722    -10.62131543885272      81.5884314394951     167.1947797263488     260.6554253083095     353.1411203527671    441.43921235881396     531.9104877923221     623.5166642395694     716.2019306086855     805.2438744094515     895.1943460757938     984.7639627836293     1073.209511315091    1163.0178601444966    1252.4530609441197     1342.233677812714    1433.0930010014479    1522.2920263563678 
   -111.5998635534375    -8.580137014168656     83.25180811352263    171.56201450508615     265.6597037346721      355.831917500848    444.73672412552804     535.2048160127404     627.9113188509028     716.4544855919395     801.4461316780561     891.7635360340722     984.7948737154883    1072.9100415141015    1162.6689881332138    1253.3321514269817    1343.9492625713362    1434.6168173261822    1522.4496831839806 
  -112.54392814386625    -9.239790451739841     84.25498725661758    172.42629675319037    266.03916373683035     356.9639155348908     446.4246729256825     536.4652699691683     627.9586839573591      718.061142642096       797.01466839157     889.7509609467214     984.7204192117148    1076.1757109565779     1166.827360695384    1256.3263273764967    1346.4258824174417    1434.8859749955745    1522.6680940792617 
  -113.31071073493268    -8.820523046743137      88.1095483241809     175.6826960123901     269.7380807342065     360.2835207878436    448.70150394736305     536.4124708116638     624.6677869861586     714.6705128694281     801.4839996931493     894.8702854997573      989.553148943323    1082.0904870046668    1171.2941707570837    1260.2171577153867    1349.9425305514933    1436.2830035857198    1522.9649265675462 
  -113.92340283671051    -8.602856947504316     90.41411069902284    180.20272193155677     276.1890677036116    367.39516179042585     453.2548291722091     543.0846525770411     626.3081225171759      713.408388317144     803.1959211166918     900.4233636804006     993.2318962245374    1092.3424530175573     1179.679166072521    1262.3750896477115    1345.7578538198009    1434.7428236736496    1523.3857643158572 
  -114.40519595927356    -8.580985719546915     94.96234566785051    190.56864318898602     283.2731723248103    371.43154216182785     452.7738446393298     535.9043822496798     625.9217508204732      714.351846730716     804.5846289359338     905.3105607409874     988.7385025715427    1090.3338374084096    1189.6816825972135    1258.6795355830052    1334.1462461964975    1428.1368251794795    1523.9761909912172 
  -115.18479554339753    -8.138875593140696     95.84528239728147    185.00353672207947    279.42463434542776     368.8407833528622    452.96899309246265     534.3638789734057     624.0351967896363     716.2130150195078     804.4968192418204     885.5056427459828     988.0089290020161    1070.2840154209441    1171.3074443487221     1272.028781542129    1334.0583077708118    1428.7429514161986    1524.3031155227072 
  -116.69090702985821    -9.824447680899505     90.66217590176426     179.0991467442428     261.3613688220101    361.67694213268715    449.81430249930304     532.7951894640066     621.0501071158892     711.0937371942525     806.2794633723781      893.521591047874      988.292546969008    1083.7218401353505    1160.5349263786673    1249.3344730620702    1340.5977639428886    1434.1857814490638     1523.933446839409 
  -118.30086487082328   -12.633116599715448     84.96358359637551     173.2849936585737     265.1643975380751      354.546789020634    448.36116201945333     538.7514040109585     619.2123619818768     705.0974366705943     799.4275302883416     890.2598908608581      979.898581844309    1070.1275804435952    1166.0325579004864    1244.8165039325136    1340.7418883166306    1435.3786931995305    1523.3020210032769 
  -119.39200351846046   -15.204345652980317     84.11510861731962    167.50847280071721     262.5839850202843     351.5887727641236     455.1246815516751     551.9258987160897      611.364653084939     688.0787360132143     796.5218610520395     885.9797541812371      977.911628429727    1066.4556742167065    1158.4317393824826     1251.103598564352    1342.4677014845124    1435.8155989407894    1522.8436740762643 
  -120.02891001165405    -17.17338290389621     80.48290075815873    163.29344243454466     258.1990339195003      348.218444974511     448.0768889187192     551.6863549226488     608.9848114410805     684.6719571095076     791.2420119660749     886.8426810285736     978.0767536033426    1068.9863307560865    1163.1230991829134     1252.088128991078    1343.4315590180436    1435.4412475606418    1522.5145673823845 
  -120.27617138928841   -16.966146976817363     79.05052566170866     158.9757762262752    253.72558608706052    344.99250878107176    437.00734549323283     531.6895736753885     609.0419325492816     696.8300403150828     795.2031948345713     886.1273388717256     977.5009681415041    1070.3782343472537     1163.880022502818    1251.8212732068687    1343.4847398418624      1434.19909134604    1522.2708622456507 
  -120.19880459113786    -18.28686009199956     78.71799240301438    160.57375415898542    251.66987999476927    342.33256073630656     432.2093205545025     520.7404087696053     609.3883620507692     701.3995227904901     793.9881458481799     885.4647811715871     976.8353397642454    1069.5069684492703    1163.3864474611069     1252.201004448331    1342.2746557134224    1433.8040342787597      1522.09527180945 
  -119.86182655697672   -17.367735607398885     81.34970532840005    161.20893928010435    253.21731698311112    341.30956644071534       433.21390429088     521.6084923672408     610.5339455130694     702.0691026549116     796.6421689522716     885.5802682319692     976.6339320805743    1069.2785832433403    1163.4735183486705    1253.9317587429007    1342.0362302553845    1432.8818422347347    1521.9705092171696 
  -118.85005237901764     -20.3448698592212     78.13152022913353    159.14445340969453    253.31688177573307     342.3071509126596    433.28310972844366     521.0193840727458      612.098826940584      704.550684060171     794.4545763729259     886.5661963506707     977.9301911183509    1068.4764213012704    1160.9937844077413    1251.1984638914712    1341.8015454327724    1432.4455024990805    1521.8792876121972 
  -116.74829714947319   -27.460628242084784    63.138022698894176     154.2729163561684    245.16931341244245     336.1521263031943    427.54626746390124     519.1633364879157     610.8149329685896     702.4573637095167     794.0469355142914     885.5515756347498     976.9392113227287    1068.2060333675072     1159.348232558365     1250.322484863068    1341.0854662493841     1431.593852685079    1521.8043201379198 

Y Coeffs -----------------------------------
   -89.35541117152884     -89.2775623142003    -89.15534281737901     -89.0263022142091    -88.92799003783455     -88.8979558213994    -88.97374909804783    -89.12811897266873    -89.33381455015115    -89.56358493538403    -89.79017923325638    -90.00700733727616    -90.20747914095126    -90.38500453778965    -90.53299342129921    -90.64506151399256     -90.7148245383823    -90.73589821698101    -90.70189827230128 
  0.23719895573618005    0.4111352496684352    0.6948287802142608    0.9991653459446456    1.2350307454305962    1.2151663977796427    0.3636604439254214    -1.569543727307684   -0.5255978194530955  -0.22911607229308317   -0.5380452160581848    -1.106594629764161   -1.6099766144239065   -1.7205740556447675    -2.468606475059904   -2.6654667704162853    -2.662340657910275   -1.9265987766574386   -1.8513269618259065 
    89.89004945224818     90.23128608428348     90.02018280159304      89.3487807471155     88.84699855667863     88.98002483694837      88.4870157456976     88.29349774525485     89.23632042360457        89.41598082907     88.77534423106277     89.44733370721171     86.91913348325059     85.30524965093858     82.03244587398648     81.12233841007435     81.47105611614417     83.45998342827674     86.80814760826202 
   179.57616331964763    179.90162098307033    178.06349369205597    178.64896046543697    179.16192530588958     178.8636269492795    178.93232431570507    179.28827810118565    179.85398125501624    178.95451567854775    178.05954737679784    178.90032327947276     180.7766171462095    176.09947053412404    172.97539247221945    171.75773520264534    171.46351802421492    173.13268515721245    175.36595432230482 
   269.26856355957494    269.52863135093276     269.1264685917212    271.96775273871316     273.0767267288297    273.03221468449385     270.6500980454843     267.2647883437593    269.15714569833926     273.3461063145563    271.15861315052973    269.02672150619554    268.41041099015735     264.4842365432749    259.40817909659347     259.3744066136048    258.98015046347416     261.7185192876531     263.9115220646448 
    358.9402731736707     359.7384335031118     361.2603869287058     363.3222543094451     365.4974253815634     364.5312338202296     361.4291843367651     358.6447091220754     358.8152871848548    362.59849776136116     366.0301460737329    359.58423770482847     355.2371266123077    351.25373186554265      350.287044172757    352.14191875247025     349.9822566173822    351.84728432895304     352.6318855901019 
    448.5643151635751     449.9413654769053    451.33166856400067     454.9668249997209    454.92855835146497     447.8243096005805     451.6051588732963      444.749041045657     448.8833563316081     437.6901240517421    441.44057525011385     441.4126365800769    442.82956298428263    437.41033916711547     442.5530477350661     447.4642238297882     445.0769916242657    441.14453733371386    441.71407965349584 
    538.1667901194909     540.3177443578018     540.9351855245333     542.4228018969351     539.2446357922342     541.3584940656326     546.1437087558704     533.8624586867511     536.6160108085816      540.646557993771     541.3377617902153     538.4239048819039     533.9793735074654     517.7674677130874     539.9658816108556     540.7643376416166     542.6171059098966     532.8993889508487      530.903987157258 
    627.7737986316198     628.1930817456011     628.2247239081357     628.2810864093019     625.4504470124766     626.5033783956203     620.1095157156338     621.5547115596103     620.6713443753973      626.222281607524     629.0146831916497     621.2520009635911     622.8373175334044     623.9486105504544     628.6007259283325     641.1310334399275      634.867189389873     622.1225156773615     619.9474910038197 
    717.4114412901648     717.0224429221205     716.3601412682225     715.2354232216182     706.3743255574092     707.4614277571097     713.7987422128832     718.4862766303864     722.6687490957806     724.7054096416382     722.7207046535422      721.689109758855     718.4899665513389      726.093412427069     712.9706102646016     717.3446864458698      703.193458467372     702.6716495934387     709.0800057238317 
     807.105818685328      806.669666994318     805.0096181413853      801.943754710922     781.6308934791526     788.0145597440704      801.602839202202     808.6852614894015     813.7006331841975     810.7206778289528     809.9638655257409     812.9619554240774     806.5740743597282     803.0742349084367     809.6295641405363     791.1444079185488     785.0272603984056     792.2725784309816     798.5369458479456 
    896.8488197472864     896.3095478372229     894.5539566137068     891.9059554406329     890.9716998778129     896.2861970893489     891.6550311678799     896.5780385772437     887.0997464851545     896.7858128735645     898.9304332463095     895.5988820195171     892.2525255069748     887.8347752850183     888.0281034786477     883.5217333452073     885.0306127051011     885.7939550523331      888.278742614913 
    986.6323334062165     986.0248338809904     984.9592843793826     982.8676975353599     980.4252722822544     978.9998060245072     982.2320615869024     995.7579159296203     980.3530569014158     981.5817592691812     979.3002318410222     973.1260836561848     972.9024854391407     976.5116307123751     976.0233577651962     976.0944108715981      975.274452299007     977.1643860125215     978.2658272634848 
   1076.4482485922958     1075.691760048442    1074.6300910862174    1074.4714258334066      1073.01963897168    1072.5027609108167    1067.9163892748895    1062.4912757709715       1058.5935578253    1060.7339843110315    1068.8823467731988    1067.3956633099226    1066.0201254443984    1063.8290941230052    1065.2136136492882    1066.3708631952127    1066.3292173263037    1067.7344734255664    1068.4601333082444 
   1166.2884542357006    1165.6401064511338    1162.6472194084924     1164.337988538199    1164.0320095821128    1164.8059259276138    1159.0278614180627    1144.4981460465583    1139.4281430129622     1153.404039984683    1157.5330654337383    1154.2804106562558    1156.2319514778733    1154.9149216196656    1155.8731668770797    1156.1016454555906    1155.3772723079476    1158.5400447758145     1158.823594263776 
   1256.1033664723236    1255.6887757597863     1251.631080783655    1253.7276437135995    1253.7173805752082    1253.5495031481662    1252.9955883822583    1250.7534947306372     1251.059586083049    1253.2226706678991    1249.9597592364685     1249.499770797234    1248.9162980010342    1248.2316430414974    1248.4113384543296    1248.7826689343747    1248.9075493500502     1249.029155521981    1249.2673978479788 
   1345.8434014380562    1345.2977643140673    1340.8296535608793    1341.2268258887277    1341.7533617378272    1342.7359992150846    1342.3860359549105    1342.2733530506189    1341.8142976012768    1341.2345631253438    1341.1764062502377    1342.5738015244763    1343.4640210906105    1343.2854177303022    1343.2602044569846    1343.7701995427203    1341.5390325374597     1339.498175772065    1339.7027317787536 
   1435.4589752687905    1435.2152939808657    1432.9378284698514    1434.0006950324316    1433.5352841061901    1433.3682482196218    1433.0892982096386    1432.5810213345776     1432.039688541576    1431.5592635890378    1431.3400599078784    1430.9196980209263    1430.5748896167945    1430.3360069179478     1430.182998706272      1430.33012995649    1429.8455524987057     1429.912798843125    1430.0407837740004 
   1524.9005041004193     1524.917086504611    1524.7428689289463     1524.418415034158     1523.984288480978    1523.4810529301399     1522.949272042376    1522.4134824332962    1521.8982207185113    1521.4280235136316     1521.027427434268    1520.6965565249527     1520.435534830219     1520.244486394599    1520.1235352626254    1520.0652833233194    1520.0623324657017    1520.1072845787949    1520.1927415516197 

