0	348.9944421385969	718.6994129848734
1	419.4126689519342	599.9286788687353
2	544.8808802960834	617.1274163624945
3	253.78890882981224	697.050859495771
4	192.7953968627083	621.4228253003974
5	425.6824129180774	695.3665907070972
6	294.6071432158523	660.2777254686295
7	396.7425330755025	731.482582447538
8	409.42914800082605	654.2453194307956
9	312.25251646831407	592.2616949608778
10	418.8124606359871	647.5099994453566
11	284.4237200401786	604.9820694125262
12	485.39813432197803	667.8139281028665
13	417.4351097012613	740.0506186223184
14	492.72017086467815	603.7314394408014
15	453.11975150853414	594.0199789843222
16	315.8384914547954	666.0320581172216
17	519.4436330598612	613.2864449401633
18	204.5803288984618	601.3907937093561
19	517.9859957777062	641.1511734934102
20	318.0628249125816	717.2717814909473
21	240.05366603963697	649.2386270740325
22	463.57045104101684	605.5162792418844
23	399.45070675831755	576.2160775325656
24	148.7189087950128	648.8334231550832
25	165.80298374627415	591.109213412371
26	521.1707693818696	615.2076842578881
27	250.8943355062592	609.1251494743016
28	106.49304602910937	620.554273329393
29	268.9370771851657	714.9102017109208
30	157.08339687076207	581.1400674148493
31	279.0852096932746	619.1902768199494
32	319.3503038336895	579.2916848277769
33	299.2414948343525	570.6067845372082
34	184.60941870729962	579.6722867403242
35	449.50714378408395	584.8451578846548
36	490.68436474048525	563.3352519560959
37	271.8884171418645	593.1997265910405
38	534.645602220607	565.6270421110327
39	236.98024592240992	692.0008609686761
40	527.5162740202569	643.5204794224946
41	283.96147045616556	637.6270995815231
42	243.5460382937046	622.9073468092832
43	292.0315363442156	687.2853927141729
44	408.38045047268037	629.4519292149179
45	524.6126626677412	630.7215682953258
46	443.3201647898507	605.4312802328698
47	545.4952752728957	625.4479121663239
48	206.64349175808272	662.811449526324
49	386.67005123703143	568.9072777140232
50	463.855488226734	626.3654677430039
51	354.9230953911264	741.2693680785668
52	462.3259899782754	643.8162922074509
53	369.12476487990887	672.7433449539641
54	393.4832544954189	748.5886292431732
55	83.8945034399942	597.6785272028346
56	520.5457188550675	573.4736130713326
57	353.3480537016193	618.5753531132982
58	377.7163305128596	598.7200931307533
59	423.0666894069441	628.7374928167984
60	443.5489370299509	650.0302453045373
61	307.43194570103776	601.5266202701607
62	283.6243058213063	724.1178471253301
63	543.2273853976468	589.5340065897828
64	89.12666320825895	602.6496069546918
65	134.97182655171534	627.3481892023576
66	252.12397701468788	670.9820820546464
67	473.88090061515476	634.9502851337134
68	460.5671679411395	681.9742421618361
69	400.29799200300255	556.9368925698315
70	468.34780483224216	649.9556351913122
71	384.4680253793663	733.4990293792016
72	201.33252373053702	642.3049357102624
73	332.605930280985	623.2632248808568
74	419.07536725277293	724.5543318455319
75	405.8300910527615	706.4740701163553
76	236.38847523474465	596.1781729386908
77	500.2027508621789	640.6595784857107
78	229.47668486787651	656.833164091694
79	198.36390745876167	627.0589722515454
80	532.2442482165411	638.8947996522719
81	332.35719043915145	669.4053938106346
82	167.53540400034717	656.3019754326314
83	339.25648157283615	662.6156746635962
84	467.9852770940385	693.4300077721082
85	464.40174535833773	567.4870935809811
86	411.03363312426853	626.620965178639
87	220.18030952129993	616.8169645058261
88	363.44064094859436	707.6274222996607
89	376.58101246465975	628.4668628576799
90	346.608644240124	612.1582543424346
91	491.2403657954248	631.0444218233893
92	436.94499511891115	656.5978992349309
93	392.586339204496	619.5986239949794
94	348.2984723702344	673.949776439168
95	443.41368730137486	588.7103692002098
96	390.2200926907641	702.4858478502496
97	308.78783550532756	640.7571710801283
98	303.0814842007552	574.4541298714511
99	372.53541374387163	571.7064170382739
100	197.0274431932541	609.0086536826839
101	324.1381011233301	738.3517976841014
102	190.18380369717676	596.1215585873812
103	146.30990052610258	591.0546131020487
104	343.7869706952103	564.0463706154188
105	203.0438650562803	683.3496320134785
106	456.4316987164578	714.9655320163607
107	263.3393647094041	668.1932682019154
108	308.9590436483271	716.1870843307604
109	280.72130993318154	601.1506539222606
110	438.844612252157	707.1084626294855
111	96.50889475155253	585.5348846993107
112	386.62623351939595	663.1644784006942
113	512.7930055368263	627.3789193379881
114	181.929392400653	633.7370252062345
115	392.95493208275406	727.4022323668333
116	262.20511444051795	603.9576211219975
117	465.6734476686766	661.7442982863446
118	422.57385016341925	597.2901824293917
119	355.4749367455339	575.7955483389744
120	255.06906168027237	571.0166298358644
121	504.57731901044855	585.0089736181103
122	129.8401972610229	599.3028191614254
123	261.8860515555253	707.831904251173
124	322.60197325309565	697.7024160272359
125	433.9983385194429	733.5354247416802
126	385.74177795789154	698.3717162262392
127	317.5313110496749	637.2621378673878
128	70.96807165043663	596.0986218748949
129	245.5655125603916	643.98836345987
130	354.2144116534839	558.4684903149281
131	433.8950958733795	673.2732524796007
132	237.26318519338943	564.0541426591724
133	324.6300754555043	610.9717512186616
134	334.82015737424666	573.0413635893693
135	398.67068244478344	602.6546193846161
136	254.9472134822687	630.9198720085717
137	338.261800361074	724.6167040131083
138	408.63643245327523	593.047732212846
139	480.90717937522254	628.0565004703604
140	279.32833193754055	571.8347725746052
141	242.73404623585992	682.3366635505736
142	361.86351837842506	688.9569501790362
143	428.96376085563895	738.480292715454
144	495.12521260304806	649.7315575738487
145	351.38973058189856	644.2188485932924
146	436.753636171199	644.5104523501163
147	260.59097366210483	643.823726949485
148	427.0785735792638	620.9902812051505
149	304.48504173565186	690.9830993875221
150	288.9280821118802	625.9135241792119
151	402.52273308380626	683.5911481580532
152	524.0779041088028	576.8605035802259
153	271.994393151889	660.2768850135701
154	271.74861211178575	627.7027852166359
155	355.4376551304141	605.7802053411015
156	395.4589948557682	599.4421799189321
157	146.96007038080612	573.7098529594246
158	349.60903225814025	697.8984476406408
159	503.2954296322126	604.8737925573769
160	179.44320627571597	588.7670354668485
161	128.16141059295447	620.2677812635194
162	299.5076331557657	653.3209594862361
163	272.56170116568944	648.2448320429594
164	190.85992659988108	649.630060240221
165	453.2060695556254	615.6838995850424
166	143.08931708252118	612.8209497898899
167	164.75352268047598	653.2488510410656
168	466.3027297619642	565.5969879495018
169	524.1524789436631	593.3570636081153
170	327.4744478097158	586.9708518262813
171	176.13009713127755	609.6681789610926
172	251.33637486477838	652.7617461444161
173	216.4458316902458	642.3438420470225
174	262.42841767042387	621.0945391411173
175	490.1799840785654	618.8153298079911
176	380.93502652883586	562.9531635455429
177	427.4613604040548	717.2481812275342
178	357.01051486469146	714.0647854815772
179	448.3922402097403	633.2441965542548
180	150.18240675270198	606.6517018790221
181	322.25065214658565	672.9598549705385
182	371.4245858879482	648.2092549688365
183	168.13236809590242	569.4859711559828
184	261.8325292362514	683.8043863027094
185	303.0103968251801	722.0699568113292
186	132.04101129867573	641.4517246854849
187	233.08489388165933	688.1612665398791
188	501.626748755007	617.8876843644239
189	505.6730363601943	652.8268440274038
190	353.9483964211494	658.3848672432877
191	460.5347144068429	677.6843860789292
192	373.0074081003889	623.5999469942459
193	403.6675868982784	660.1568017235253
194	102.51804732466978	579.5192148212981
195	475.54892370722325	574.131562538983
196	328.49831588755626	627.0054343298344
197	255.4291475108298	597.8266127907334
198	415.6298650458864	591.2639512005528
199	173.91591361685923	611.8578126454302
200	364.15409208965923	609.3381386360434
201	475.10567461087794	596.4586454511909
202	239.8844572015826	619.4088395470224
203	424.2394373492544	566.7429414365907
204	400.7169443112578	574.9494329124458
205	110.80362566118269	616.1879830557807
206	237.5435495615576	667.4563915708592
207	291.6896917792905	630.1841252114608
208	352.3644773452095	634.141223260956
209	270.1336722314581	692.0431876860084
210	342.99957502125426	739.2839493137095
211	325.51385505868654	694.8709368047275
212	374.52833175010795	716.9189176418671
213	276.8108704503445	677.747222157777
214	222.14835170536648	664.3015089619188
215	282.9917191439158	671.4992440021826
216	135.05894644518844	584.9755288719219
217	214.5996672167472	612.1667687327846
218	331.0305522052637	717.2038315951979
219	437.7817041476247	706.0448882266146
220	322.1235494007444	658.8147918080615
221	286.50322141916206	564.4081293626782
222	510.9874054925952	578.5756731846227
223	91.84894504682778	572.4937852609748
224	201.5292917518875	588.7561664666604
225	182.07121743372926	670.410588025038
226	447.16363870300484	720.9305455467374
227	388.77227818022965	621.812346928607
228	293.73802417206343	702.3082199724421
229	267.31640600552487	579.546469091979
230	219.00821408992073	638.0868635183483
231	125.13065110242458	604.0819905475172
232	418.79153982437845	706.5162433092254
233	332.51040213311904	600.4096546052384
234	413.4649405561393	638.8724956690298
235	461.1569705123932	657.2200536824444
236	247.04146247759957	704.4000867335461
237	179.1086012071357	636.6899694889304
238	215.30843791408822	586.2004525336056
239	324.3046523295995	562.8858843984917
240	315.6990112787975	652.2024308380884
241	499.5063302136434	561.7827609876964
242	244.63592007431524	586.5358583559839
243	229.34006952338322	607.9864391752006
244	239.2760215410575	580.8945845789088
245	125.17931431893614	576.0424617724702
246	319.18858850651384	617.956164212066
247	493.04828723709403	573.5325023129852
248	379.2007907069724	647.7366640883713
249	497.503943190714	675.3727735662807
250	361.50001274315144	634.1860795585453
251	212.95132675345087	673.0653634251966
252	369.7565029061179	662.2021294052036
253	213.03965900741775	632.1265497710433
254	217.3137914669508	571.2069022188363
255	109.32051374834977	594.5106142038818
256	522.4391025225709	593.3775858488575
257	123.34814632302295	632.4982647134
258	339.9397129581058	696.5586026878563
259	309.57984642635955	727.9800157142627
260	347.7354309234223	652.1501584951178
261	259.77387350638884	566.5172716127993
262	152.0260756002493	644.5683629763184
263	410.8187733601284	668.0592132077535
264	302.55984909451035	594.4527252871283
265	421.85476393640346	691.1302276310176
266	102.29112960299693	601.6232936636878
267	340.06806445616996	592.909624682863
268	453.175191503367	556.2431155775732
269	191.554928766881	579.0085136883733
270	276.1236300357225	580.1351866851771
271	377.3102484729364	740.6866980736726
272	287.45860592524633	652.7226920330801
273	480.8108026443151	686.7006446396448
274	376.88654679163017	578.6969900331924
275	418.3929497431188	561.3470895656463
276	442.135305914271	626.7218702852092
277	280.27401538416734	699.5139926578013
278	184.53789022830773	672.85602464195
279	310.7617716882807	684.5468125690012
280	225.06225607619797	595.8230906400332
281	179.01132624933288	651.7259605470455
282	363.0751892492861	582.8355724342841
283	431.7482287608797	560.1028081800623
284	379.75669620007346	679.7104025210715
285	502.98738489647974	656.963010662393
286	435.5975898152168	613.0140414307743
287	434.6778488030491	577.7757958706628
288	314.9419781894605	629.2301579344505
289	472.7357264464952	594.1401214923084
290	158.59969217527077	598.2292291922123
291	429.1955091828301	664.4645805262588
292	207.735991492804	688.4858164991106
293	203.49454727477044	567.6115518763885
294	419.1767616999489	676.8417037814654
295	152.2102689391867	623.0720912849313
296	489.23174252453094	661.9761393434159
297	464.7235405891354	690.2756031758119
298	118.02460725634883	586.2496797354488
299	471.3683581294481	677.776726515611
300	345.4004510555042	583.1433673415675
301	159.7049067272265	630.368753220447
302	385.0484269414538	607.411015156173
303	299.91813783547195	680.5849128527717
304	432.38823200826874	674.8169193331196
305	369.16427395995885	595.2517759556982
306	365.7942999332874	742.380051728416
307	382.442698366858	652.6024999164312
308	496.71885190459284	595.7045771934742
309	339.93937284151156	706.8330981950044
310	352.93924687321595	678.5995818646551
311	300.02001681784645	600.6668591730378
312	407.38053550946887	712.8139625296893
313	55.9445481161728	581.1604173668659
314	288.37334498626336	707.6692347179493
315	439.3791552513	574.737113221736
316	413.9910978106006	736.6161872387502
317	372.2115026918166	687.87022748644
318	377.19387657084076	714.4568163149285
319	312.41628335154815	565.6156447385089
320	393.23046226072876	673.3919971164221
321	163.78386085129017	623.4101023096291
322	200.47642890033876	656.7670365432161
323	228.5105454675446	677.7501367218056
324	396.85429441185056	689.0635917238562
325	465.7673463002631	614.8609766609715
326	223.75081960050136	577.407696186934
327	481.2152822313284	578.8662355354854
