0	199.90795408984806	411.479921187604
1	457.94913673161034	412.747725690141
2	78.9216419567598	437.16254572149984
3	479.8933971996733	437.3897561267629
4	748.8142346551458	466.99394117572007
5	100.12259438006855	400.60370498868036
6	347.15083348863874	393.7581867108231
7	530.3415097762328	410.9355373118528
8	515.2938229611641	375.88293092884317
9	368.26625498201287	384.9910590346842
10	300.98217401607803	392.2549474229662
11	539.7672822120996	419.8050176087381
12	286.1953655870347	374.5475381776642
13	158.69561530535478	382.4940038293818
14	202.81014768297558	436.584116420512
15	272.7794106336463	388.5187039731828
16	494.07427582064474	371.8988490998342
17	352.3313246535326	341.6822663241774
18	344.46917248601994	349.5696024906601
19	577.8828619553738	403.25490438667913
20	173.6260662883621	375.0629686221682
21	351.3663868109673	426.83285763546957
22	726.5161165277271	451.68085501837004
23	253.62617801923616	338.9071127244791
24	31.88431565223253	437.30591705657883
25	323.60446917819496	434.5288503836073
26	425.9608450671873	394.19955371387573
27	505.89784817513885	390.77429280030987
28	215.0485621254047	309.6893152208332
29	482.76927100428145	412.06734360828375
30	447.7027104966807	396.33342144777214
31	529.2897698585075	387.0803940489187
32	477.50660141799636	392.98147404791223
33	676.8813059039976	451.95465227990945
34	326.67183651767374	347.6748684198806
35	738.5257717564572	467.49249939265167
36	249.57176919623296	424.1471657562844
37	583.9678599034813	411.2257536883057
38	61.381536548152305	401.6515655243215
39	613.1306258312686	443.7061315400068
40	488.7469653819366	413.9550543292142
41	60.304336239767125	432.12494719446465
42	211.50852398439156	324.586343240914
43	604.824845498859	445.9084643378269
44	408.5084243412822	432.2496690479145
45	138.03376495562225	352.1948648036781
46	369.9588673867326	358.80719444431975
47	358.99617064137885	370.7656915406663
48	380.0842833802798	418.0563936322947
49	143.62837769246295	381.05444689149755
50	69.70340320474386	393.16640030862516
51	204.11420995424817	316.81173051850516
52	451.3964088962058	436.68158230735946
53	402.10283435046784	347.39682057174554
54	355.25249949923557	400.04727512098094
55	385.59876324736217	378.94898048500255
56	266.80219253996427	433.8357783074516
57	658.6985202476228	440.77634332393717
58	322.39640427412627	328.7178858815417
59	288.09532562549384	330.7562074597308
60	507.5156898947469	409.77746555209376
61	363.70528601845746	351.4884584959548
62	830.3997131899962	467.37623325258085
63	235.88735156262044	443.09759979605144
64	188.92561720291792	393.82226819620064
65	645.2081457852063	420.3161068387718
66	236.9698526872998	315.8318040879204
67	609.1609772714439	420.34810174844307
68	206.2450646392411	356.3117933694096
69	199.15096468877059	349.4464627265276
70	316.5025431561828	385.14325021732475
71	502.7801594304869	387.7898750420246
72	172.34503130174593	354.9521344667066
73	431.06880382357116	389.01261015091893
74	444.70039511117	399.1708546319003
75	613.8186811251493	400.7054642302681
76	109.96856164170556	425.3658002725701
77	91.34816788245953	372.8784789502498
78	180.058021390786	333.6465931005477
79	635.2840167280989	407.67098066884876
80	337.4566194059702	339.696008933259
81	163.90706328567907	421.66919041660526
82	211.74379511666356	380.47932531629596
83	561.167536524444	390.1611079607812
84	539.7384565611951	397.6616876788793
85	211.14708918149196	433.3221774262865
86	421.46497549644425	412.4826839558067
87	182.73283899273878	382.90486286409117
88	271.44016069038406	349.8932978949531
89	122.7175929389641	406.2142882412806
90	113.61168138169707	441.4990827437339
91	581.552275229495	443.7664429738917
92	706.0580651517656	443.5214519635765
93	198.3540474400251	382.25032016903265
94	442.639071319566	379.15695607871504
95	50.388663027752905	441.8024412463994
96	399.4866815332312	393.19309855592735
97	218.8789353100784	425.87960590833944
98	149.08166414345828	368.84244398446845
99	154.70465415316298	427.04267624663487
100	412.2627561640998	384.4635457964693
101	793.4107552874576	470.87575975015636
102	610.3295252808841	440.50523415140503
103	123.48737107190027	392.50817591561724
104	169.73441535821928	407.34891915592044
105	188.58530845861787	322.5802172752385
106	700.6778954444193	461.1843269851827
107	485.6188043524977	380.3624956047111
108	246.12186309745118	399.00124114456503
109	402.98497474756806	408.9569129925734
110	780.1378366917503	458.24216061520235
111	278.1739147366984	410.40176431927677
112	546.8621018449527	410.5854056646026
113	548.4880527648143	389.3917753503924
114	163.72827512877745	364.33220315897466
115	235.27309743564936	360.3973580405667
116	41.87125111945638	456.1966660687582
117	409.40381909699227	371.6747601269553
118	549.0819476019735	426.1461623719777
119	305.1586072660924	340.6067570614309
120	109.84896358583734	365.5144056171585
121	709.0286739791223	469.8052274841211
122	153.7128162464772	355.4369750201899
123	156.02948141106114	406.8933920745941
124	301.8055801108052	343.91131045514356
125	395.20698669458136	416.7102765922519
126	447.7306277082772	373.92529301891113
127	354.6974739333731	375.1648148720285
128	188.3363199101336	440.4100883383694
129	321.2348759115963	352.8926475044076
130	312.39984301516034	366.3863476218299
131	391.3603511160372	385.1070089511501
132	362.62277073449644	392.51571961093333
133	485.3346731721246	400.7024699497867
134	267.88524911979874	376.80321139956715
135	121.8524486995618	362.8606267982852
136	250.17796593942677	323.00856137961483
137	184.63635673880535	337.6849378825161
138	634.5878079208336	443.9726096907081
139	387.0434359082355	418.7491858487649
140	84.36066031984998	380.16917919908536
141	434.61842139197057	423.5027518876451
142	503.62158239007135	438.033257733773
143	103.56878681159617	445.2449185089758
144	402.2324716722732	376.4892115994372
145	407.8276077772162	401.3399500015763
146	26.576871057142316	461.0314981153358
147	226.46083349926394	395.3597112218195
148	455.29087594908316	410.0882708847375
149	684.1011642128112	439.05095005231266
150	756.0917314470553	442.27805144780126
151	580.8074151980522	397.1925910857191
152	404.93631123628484	435.310202934558
153	812.8268694230745	456.0124676945297
154	741.2556425750103	460.4535944868907
155	262.71202368161323	362.5314217634134
156	561.4360243676938	425.4846867678684
157	683.2377871589481	423.7899755572627
158	647.5042993391352	418.020069979406
159	251.3154379623389	371.80509444751436
160	70.24625982226598	427.10916853188183
161	729.205254883873	448.82817833574387
162	104.78160916868964	412.82589088736887
163	416.146130977909	352.65358552395537
164	774.5158521010795	468.9706043160861
165	213.21255084177218	349.5829847922835
166	186.7335202655593	414.27169243959656
167	428.21864672282277	364.8408818689904
168	192.04780968123237	373.7124696081193
169	79.70500877317663	403.2853489284255
170	423.1394670712731	410.8855699454011
171	130.95589909531367	385.1191869618604
172	57.23363727250729	448.625056236139
173	138.7680953970997	375.6552533492511
174	267.9443744864863	393.16641043143903
175	236.84343955426317	417.29751268932415
176	180.41925339244335	415.5726495796695
177	218.79789457284727	331.2011065911724
178	555.8189897058118	419.6381389997782
179	778.722102052233	457.00620080502466
180	257.4590786958612	382.98852908756317
181	165.78055714543262	437.5269571097193
182	278.9422252180531	364.98567938363203
183	62.929287027771	419.80491884046705
184	306.5685367462618	360.43770490310584
185	501.2324506946483	423.03556263008153
186	331.0574140129365	399.37750733174914
187	464.6598737805239	426.64120431461333
188	474.6905414589471	379.9890481314116
189	337.16314189911895	373.84975205365333
190	712.1647096386627	449.6627603725422
191	757.3485867077313	453.65085037148873
192	643.3092035426473	448.1904814262579
193	666.4014641416065	448.63542125180595
194	339.74517840338933	386.5249335261474
195	299.6676845137108	432.98945735292415
196	103.40079887760714	431.8830093213692
197	490.7114894754269	435.53477107635325
198	134.52862015579777	410.2912733456264
199	294.77388792598725	423.9795112142815
200	273.6693823354689	427.39747461521415
201	230.77873638292445	365.06775614787426
202	264.80303316968303	420.61373873890494
203	156.4530202206322	398.7770859045974
204	307.3394659076634	398.5020103133227
205	234.72358190111487	387.2476104133148
206	336.7299438003021	360.7329507887546
207	467.47570415156304	429.4515209478796
208	244.75642853691758	401.2419541882713
209	837.8134800403625	470.3767537080092
210	340.224961525901	418.036401322794
211	88.9536285588764	394.08010062993793
212	243.14087006846844	329.62584553613266
213	275.79195197701733	320.9092256055525
214	311.0174976353933	421.40513121072047
215	762.544827689914	448.6284819997358
216	160.71181774965484	323.0117262565235
217	215.5123044967013	422.05022614139466
218	441.8665615815558	420.981502197055
219	132.7322230621406	346.4437373571847
220	433.931938263217	359.0721854366339
221	167.76452831790849	353.60628181922306
222	171.12284674898254	323.33234942047477
223	193.40476863521457	327.4546889665937
224	471.7030955487328	367.4882512626092
225	126.01782231427018	432.44706503271215
226	587.7822644050663	435.10355045765306
227	202.80219927296037	414.3675339389878
228	373.447444523567	374.8443237543099
229	128.84316820095464	416.7683567643808
230	244.2322920426889	377.9078631234425
231	173.45829121235008	436.77113822022704
232	284.27417382796364	347.057287947316
233	183.5290291057202	365.9521986393966
234	365.5146759387164	441.5386382748544
235	441.298707978852	430.13729319001163
236	330.18745967813874	367.32965709380943
237	289.8617313602408	429.2042295937445
238	655.6128539615054	450.019670656955
239	316.49770990236755	411.8154965818353
240	523.5820372580943	418.0839873439932
241	218.7641677431854	397.6553276351821
242	321.7425145377217	390.3107337779495
243	130.69268170222733	398.20769173522746
244	569.8318451083042	433.1060713265395
245	234.48795705114634	414.8744680119806
246	38.925870843658814	430.61700313290095
247	526.163117827889	390.22479919827515
248	513.0880985691313	421.56297814850245
249	385.86405167658677	359.3921348064992
250	580.1503570954949	428.43556617518306
251	147.0290749416239	343.488820973112
252	555.3318986527639	395.7942306516781
253	609.8658607884215	418.8844011557871
254	588.1859421158368	402.8276281906184
255	333.0125090415846	410.92969172163816
256	632.6790372307188	446.1763930632502
257	270.4745027660914	408.81462992609175
258	296.7149846317307	328.6843851167724
259	557.2473130160321	444.49670759658534
260	294.74309675097373	385.918260840752
261	383.2701334781465	408.98303870406437
262	593.8379742392777	421.22321035374733
263	262.6922655585557	318.13154463235344
264	673.051608051367	414.4398736342567
265	82.33064444112608	445.0579528697902
266	375.9362678966399	408.688785938959
267	136.73362429514123	432.59460973485926
268	231.9936721634981	320.5625845471193
269	330.3065794865676	426.343435284397
270	252.3073452929098	427.0939988769675
271	521.9851624555401	441.191546152881
272	694.3410637447697	449.89452930130784
273	371.5850514939099	343.6868547140178
274	303.1195789806147	376.4804104119853
275	148.431930788961	421.4702857512827
276	226.2000341891989	339.1660275404031
277	651.830266653735	428.1320346457581
278	163.58286437775917	390.6071558796793
279	459.24846232758875	373.2997440537367
280	726.6664844616502	435.49405794798156
281	250.09540370307357	342.4289119402651
282	133.9981478310202	440.2414362882134
283	360.55064526472836	414.21764404710297
284	279.3781375907757	341.85681172235616
285	70.98179603092618	411.0314786163769
286	116.71379046993707	357.48061761704287
287	701.5134511035812	423.5351672287517
288	72.17434843635968	444.76822011161187
289	194.53789144802604	354.12026732838643
290	809.6164608397191	454.79224124653103
291	95.77011226024561	420.6361566019535
292	419.64320394713025	373.54539136194177
293	455.9428728638711	379.9752746679295
294	306.42447673065055	412.70226035331183
295	600.5161736698659	412.1634374858843
296	646.0395145151688	434.21207206097756
297	92.40717010398178	414.4059630694998
298	259.6794923771814	352.20125688266194
299	344.00777859226747	434.18946151380095
300	143.1372016630163	339.5347961172982
301	277.56539680550264	404.5922370653897
302	387.45929661522973	360.8550664516282
303	625.2171026949217	405.40042487072617
304	364.9922652280967	418.6537580244179
305	106.58416272903317	390.03945862116296
306	183.34112392883637	399.34540803109627
307	231.32145422691934	348.87680390313994
308	534.1021401853627	442.03533919782404
309	44.989658402640075	414.2117254510425
310	420.0889335381894	438.1998886383607
311	220.2419319204938	380.90139674894044
312	100.14784822611459	383.60008197272214
313	684.938889525012	459.9193772105881
314	678.4803637400888	434.74760721389873
315	718.6051075594786	437.61815243692746
316	513.6987777472672	405.44003106266393
317	114.59215734048045	369.8812124476053
318	476.6985877196447	400.7412532031996
319	212.74689787262324	391.4277075228666
320	292.1124327817873	365.2373638212593
321	220.65540049383435	357.3419297777009
