0	608.0451641446997	701.1997782322061
1	748.2840086807357	745.3593529443444
2	717.4038565348645	767.6291864758624
3	807.2532534682949	652.1779668199878
4	881.991444186448	591.7893731916602
5	584.641800883344	763.3970994573116
6	762.4514857231221	677.9235238737296
7	925.3817899963904	602.9292659925845
8	839.0490844247922	678.673299148685
9	796.0581952261703	640.7531185606791
10	574.9356469213448	720.8109546769626
11	541.7167672324938	715.2104837363154
12	704.031934656824	765.523218772157
13	697.1517334266206	696.7086484172695
14	873.5368676553331	668.8948497621301
15	577.1398792321926	736.3593635317451
16	655.790174189296	697.4608433622407
17	591.9949843090388	756.133955485375
18	611.2530353761236	761.4482139972339
19	494.22753336652903	719.7642302110215
20	698.6346942665778	658.6286201688695
21	715.8984650045833	699.4985991565426
22	691.8292587428405	702.8684386307425
23	778.5597741157442	703.4247452801611
24	856.8389508867101	710.4674564359044
25	875.8867332820317	567.0081538195511
26	837.765779628996	704.2944189378976
27	809.3745991445071	688.907830667497
28	883.9256552361971	558.7587700680044
29	787.6153763485556	713.7246724686444
30	744.1021089070724	757.7611516617541
31	749.9390735246362	717.8688841124799
32	706.5913954060359	710.9428208975727
33	861.6962808599678	593.0928929559452
34	797.8539992388328	690.8293143106255
35	902.2472681094778	639.467330218398
36	495.7530172756132	744.9640528535398
37	845.4609459289036	609.0140441663534
38	524.9733433646722	715.6406265011564
39	638.3002738348414	709.6867180693031
40	866.2116680457756	627.1268224104851
41	604.5422894719196	665.1055123091434
42	631.3407356166723	744.3159311932687
43	540.4035474257051	660.6043787549237
44	857.2389661896616	588.8838651233872
45	479.52853279706073	747.6314814034928
46	757.60567952316	622.9563271896466
47	559.5715004140372	751.5567190770901
48	907.5159932934408	554.6543496077005
49	757.1757816740895	644.7456364775655
50	552.2801909692145	650.5707143760072
51	664.5141421889882	692.2589885620719
52	885.8470328625987	619.1906186934893
53	805.0254648745382	677.242456037064
54	937.7584206818497	579.9910959865092
55	638.058162357124	767.359809739401
56	511.95287006999894	758.0899723655025
57	459.57822646029797	735.8053170027822
58	548.4671376126813	763.596378766052
59	890.5463882673762	641.7475605909825
60	686.5697184592516	694.1556256542392
61	626.5724070785128	700.8964340191253
62	715.0662466031847	737.2869772195372
63	615.6583797295367	650.9322592483326
64	930.7986242370378	607.0776674919246
65	554.2322447745015	702.8140712892206
66	746.672068635277	584.4203543113938
67	738.9807491247788	726.9897686441655
68	643.1890554159144	658.6608005367383
69	625.9516971295078	749.284066838439
70	746.7695989781523	669.6899398408304
71	779.0000998199366	654.924848754472
72	845.2623838797176	670.2968592106467
73	525.4352717865333	742.2701981175884
74	824.1454646989532	704.9359307998872
75	861.2921787459377	705.4122210502439
76	818.962969232817	647.1263903093499
77	651.1060769297363	704.5557229305546
78	639.0532457430719	723.2079301632673
79	667.0102976642943	610.7656434167617
80	727.5482271733288	687.5994098701734
81	772.8775812641192	718.3632493187266
82	646.3107861704145	619.4308849505504
83	499.9220737634841	761.1280086734757
84	664.5111350014918	722.1538524890909
85	727.3880192846505	659.3200659167871
86	720.7789795059588	641.1077392703398
87	837.2125704624547	600.7226560483952
88	729.7445804301374	675.2351827119307
89	460.0436650100492	749.5079874899683
90	781.7172091225343	739.042200789604
91	653.8936009980073	733.3831297576693
92	532.8919522750695	691.4851372026332
93	918.208984649916	585.2040181887616
94	586.4477875916571	643.9183523612967
95	665.0524106085209	774.3576366606268
96	778.248920514371	749.9444972829097
97	751.3556689169337	700.545967434868
98	865.7521872636003	648.3598640379206
99	812.3544509294657	641.8117765396332
100	908.9728239587789	599.3945828886435
101	471.1834861621881	740.4839610397397
102	565.2598088452588	678.4250829549065
103	602.7380898092289	721.664520246837
104	511.10856703608965	698.4986899753185
105	727.5663999248095	635.1994875819632
106	934.9187703516586	603.842595602301
107	648.8331030766612	636.848579925959
108	880.5545497608638	627.3990035642773
109	585.9164566816129	655.8267500322313
110	794.4761225973407	687.4201594670834
111	718.4228062302317	674.4542091837457
112	681.2802502874838	610.3901702690772
113	799.6014922361106	671.7539517423877
114	700.7661168170391	676.1065281175534
115	536.6998535458964	749.1333685424385
116	773.0527715989608	629.7530828098695
117	680.5817002624491	748.8180715738703
118	856.2124247630126	678.3393677672661
119	530.4318411503684	710.4578676414799
120	849.5065688015782	723.5620527987165
121	525.4516208255955	679.7536888907189
122	902.1567133422257	587.6953358464316
123	582.1469330350563	683.733134062383
124	560.5458264245054	673.6957449961956
125	678.4734015845629	671.5801876942822
126	745.9401200931748	633.6057668371674
127	825.4375934516727	666.2731572771349
128	514.3607908069632	755.717114173581
129	678.2947742859435	701.2372319718463
130	816.7827575139576	697.2621733771106
131	836.8003637858801	584.4594010652336
132	662.7639337381373	644.5933581557814
133	678.687600610745	661.7682576886634
134	548.9715553729241	697.9394663386545
135	721.9701739263854	747.9134696210687
136	736.7887938792562	644.9853790416463
137	547.1313854994564	740.0346842694091
138	722.1641429822096	654.2855777335575
139	633.7381992181214	758.2081003514196
140	730.7137486208502	720.8037700250692
141	631.3032534351884	658.44628985013
142	738.3084976540599	625.7861158971644
143	649.3953813774656	742.2980536600464
144	658.7523955866224	751.1006902089912
145	840.3301783825723	648.0199710404255
146	567.7695054765136	714.8285728068331
147	624.6190942111734	651.9074926005042
148	855.2716537496543	596.0493281713461
149	597.7231473645128	743.1148948265861
150	452.7071830143413	742.588320707189
151	846.6280830507917	646.1258456452175
152	642.4940499698765	648.1151601110041
153	875.9592619725961	582.6745373175623
154	599.4943547690913	774.1386564404517
155	776.0152484218555	670.3681794798922
156	876.2860096871495	701.9458480531755
157	527.954421491258	774.5278732335746
158	702.9238133189315	646.2540478637891
159	843.9786869900196	636.9372598469711
160	892.214927922276	579.7517220140493
161	907.3303990821167	672.1518418660958
162	670.357544426343	674.9066932102471
163	900.4421594587494	574.6152709017317
164	686.9746817205951	774.2081859240554
165	899.6162790519192	605.7872086141126
166	576.9103454199253	705.5337386511388
167	786.4553444390122	611.583251827948
168	704.6522317690957	679.9586307025289
169	530.1624027303711	733.5906407712976
170	871.1222057480862	571.7408288197295
171	640.6518724003356	661.7253501810709
172	823.4559586380732	694.7951043997954
173	753.5640678555964	663.8571878529906
174	774.1781224520662	746.136257857309
175	787.707643961289	646.8076725006165
176	877.1463345623102	678.8999432278176
177	694.3060698147118	649.9723821961027
178	853.6402145736876	690.3887017328893
179	690.5950103198663	727.3264041024534
180	654.758313354891	754.9336566221458
181	818.2953072584611	591.7164302216316
182	606.3804514637485	663.3221087842729
183	720.3207934399139	703.7679698506046
184	803.4367150266713	572.7414203673277
185	671.9460444928097	684.5894824559616
186	612.8836353884665	638.3288195238334
187	685.9080249204121	615.6895991433921
188	570.6841800296456	638.4259891784716
189	677.2457770894265	640.8669345014792
190	798.3867698292394	717.2184051526435
191	567.2327424913248	758.7015605774666
192	668.6777627803649	650.3641499451254
193	663.5324103567509	738.2523975334701
194	886.8012044589746	695.2351458172311
195	549.3765187270125	667.5874292222065
196	601.8096072513466	631.2283251377709
197	684.2328908280524	634.1696264358173
198	652.339944984075	771.0148563625695
199	767.619978746081	683.3843862093408
200	841.7039341374727	612.6029335267417
201	673.2646032706447	727.938158072134
202	745.5060930789332	656.3692956233243
203	554.4092501015543	662.9787531080805
204	674.7638619213496	718.036804908136
205	473.3124833666082	717.5353144586693
206	910.3349101832355	617.6368106508172
207	636.7329152707181	690.5988075055569
208	583.1617608522756	674.2269539064466
209	797.88961480129	745.2533590241932
210	829.6116810044982	673.4281454304993
211	653.8484739520502	619.2209244739249
212	883.768298841015	661.8517045773096
213	774.4888566577704	699.3738162933587
214	825.2284295507253	598.596418414162
215	736.6120215546605	692.2191021251862
216	713.1159642732894	717.7955714099935
217	709.0235379722434	743.2585496358737
218	929.7703772439189	571.4971158368436
219	535.3751469501342	688.2868514377249
220	772.0088985425383	729.4435416482712
221	831.5526518692167	711.9124254883442
222	674.3068731629162	623.6947620962774
223	839.921260112965	665.1344064186134
224	824.8098081263121	615.7562144999713
225	794.8897079571044	578.2015481953287
226	518.4615892707242	726.4548412505995
227	731.1080954563387	603.3053810528628
228	814.4058176159958	660.983306323922
229	699.1241960640499	604.1905448871584
230	581.0555019043011	650.2560582469739
231	702.2870841478664	724.362828890572
232	866.2522704326515	647.4638803851393
233	488.19140497758787	713.6845045061468
234	794.7576910553838	602.6223498904616
235	712.3579265110887	601.0969483182623
236	671.1762606097677	667.2797891421974
237	853.8511304493139	562.4151686213613
238	635.2835308029247	680.6568274333368
239	776.4680646795273	580.882428870874
240	617.7506073297648	723.8935987726629
241	812.4342884654628	730.3884078716222
242	851.5735549395055	570.1996261354961
243	818.3112694425855	622.8697384757862
244	895.3379034235803	646.5061654689747
245	786.4059337325365	662.3798870978227
246	837.5326289695431	630.6447894759223
247	735.959880263848	715.3856894016304
248	523.1709783229043	681.8860877731669
249	620.8271102143747	682.013641499567
250	795.6855083023537	621.0837371708101
251	910.998632347579	616.9263213448278
252	707.7442718065793	629.2455817197239
253	608.1818159980229	726.9852392048501
254	786.3604804272376	595.1500510905919
255	801.8326012589856	591.3275270650648
256	749.1626643957605	752.83929334384
257	624.2326362112484	772.5165741302461
258	539.4629550265757	718.6784199776029
259	608.0600393194275	712.5597559764226
260	756.6838724594267	694.5396572568185
261	618.5941859430868	684.2671719530348
262	665.1692151419961	708.4490499766864
263	588.9779546573061	681.1995389363573
264	629.325538582782	626.8659412022826
265	549.6415863226838	741.8499730516376
266	573.8399483116343	739.667286767458
267	870.2118644685813	618.296111494167
268	481.9922890424879	722.95445070855
269	716.703900173225	619.273526240901
270	776.0899652863101	601.1394048364363
271	508.23782248489505	695.5273578998867
272	633.6018026891687	729.5762612429592
273	845.9774912235746	696.3579506028599
274	664.5769965391952	632.4833762644328
275	766.3089272901561	586.1345263284626
276	707.3148531650563	667.3197367143918
277	824.6238921657496	725.424877262263
278	932.5735788508541	584.4407641425165
279	742.1428028337046	685.0447038107171
280	724.2723799110925	611.8339897548527
281	569.7732830294065	722.1261375940558
282	556.9034761868238	768.952594716357
283	946.1880229922263	571.7219591837047
284	589.3335642656862	705.622128400579
285	848.3862626716761	566.0420487636409
286	762.4516319985181	649.993968661314
287	886.6094215594006	561.1449367939716
288	626.9208543180163	714.7599601882423
289	503.4898470290077	706.8094268879976
290	772.0854736672557	612.8866610747989
291	881.8762834648204	672.2645986065613
292	491.0862238322239	763.574746761002
293	792.5288322071216	724.0809311700833
294	788.6368996487491	634.4664334701919
295	759.9728986737641	610.26615226198
296	638.433748433326	683.8090604392962
297	504.42575768983045	730.1405778663028
298	591.9957557223206	710.4734537719459
299	541.7300284434443	757.2672782487695
300	510.31030051464506	737.0586422208588
301	889.3385608085177	598.8674318359324
302	746.5343544508738	615.2761503790429
303	704.0070410073105	610.9368020455497
304	911.5624174470026	577.8212366288428
305	700.708826283333	632.6132962294336
306	804.7040761336095	722.663927657597
307	567.9561811898839	697.1289321624593
308	637.3129272231074	634.8547673580078
309	768.4693289297525	634.4761920433311
310	683.0930009789118	752.5751922075187
311	693.6835529353626	732.8183204963423
312	470.31210709179203	757.367766898604
313	829.9958038217013	637.095523521607
314	864.3212469299141	623.9871487739405
315	832.6852607501183	579.8344754320568
316	723.0675311015376	595.614116041718
317	600.3478904681821	745.3236313570605
318	708.3109246564901	758.1957248817343
319	896.6818531304883	632.9712848479406
320	804.8756925359678	738.2568526313038
321	762.1144481916709	736.9332050513638
322	831.211360133041	731.6108608345328
323	757.3615765803262	594.4677600259005
324	612.7124197426186	696.4953088024394
325	499.04519979069164	701.8948913377418
326	813.1350885556959	612.1826723524327
327	592.1655326355205	674.4376014323017
328	728.2267912082029	741.2160362014649
329	592.3329008268237	649.6580109750846
330	490.56743356503046	739.753172964675
331	736.9952364647796	750.6058076805118
332	755.1006081074694	727.4158617067814
333	879.6107479778066	613.0191399311207
334	865.7422197004273	679.4304445468472
335	782.6971477023968	675.4797534415011
336	911.3090962722358	663.9362170455968
337	923.0934515194152	636.7604187398464
338	577.0880457775927	770.7558049739575
339	686.294754888815	749.579223129081
340	831.0205404408171	580.7627398723686
341	809.5733728416577	583.7489998742757
342	918.8984031728587	640.9365232735703
343	878.3442564710025	656.3908125927844
344	559.2955683895126	689.7092642577949
345	581.5650637558643	747.1984456598469
346	615.4028301429112	757.2758457962362
347	805.435169284762	619.9470414254836
348	620.4624644658962	630.3805723592689
349	762.1893632621051	708.0259163139102
350	746.3203975711268	601.979127576485
